,,Matimba,Medupi,Lethabo,Duvha,Hendrina,Matla,Kriel 1_3,Kriel 4_6,Kusile,Kendal,Majuba,Tutuka,Camden,Arnot,Komati,Grootvlei
A,Matimba,0,5.9,343.2,308,328.8,329.6,328.6,328.7,282.4,302,439,387.7,411.8,336,328.3,356
n.a.,Medupi,5.9,0,340.1,308.1,328.3,328.6,326.6,326.7,288.2,300.7,438.1,352.9,411.4,335.5,328.2,353.3
B,Lethabo,343.2,340.1,0,160.6,180,126.5,131.2,131.3,131.6,122.6,182.9,127.5,210.2,201.2,165,51.9
C,Duvha,308,308.1,160.6,0,26.9,40.7,35.8,35.9,40.7,39.5,134,90.9,105.1,45.7,18.9,122.3
D,Hendrina,328.8,328.3,180,26.9,0,53.8,49,49.1,68.1,62.6,121.5,87.8,83.1,21.6,14.6,137.5
E,Matla,329.6,328.6,126.5,40.7,53.8,0,5,4.9,46.9,28.1,100.9,57.9,101.7,75.5,38.9,83.1
F,Kriel 1_3,328.6,326.6,131.2,35.8,49,5,0,0.1,44.9,26.9,111.1,60.6,99.7,70.2,34.2,88.9
G,Kriel 4_6,328.7,326.7,131.3,35.9,49.1,4.9,0.1,0,45,27,111.2,60.7,99.6,70.1,34.1,89
n.a.,Kusile,282.4,288.2,131.6,40.7,68.1,46.9,44.9,45,0,19.4,155.8,104.4,140.2,86.7,57.6,103.8
H,Kendal,302,300.7,122.6,39.5,62.6,28.1,26.9,27,19.4,0,138,85.5,125.5,83.1,50.7,89.5
I,Majuba,439,438.1,182.9,134,121.5,100.9,111.1,111.2,155.8,138,0,55.6,62.1,127.6,115.3,131.7
J,Tutuka,387.7,352.9,127.5,90.9,87.8,57.9,60.6,60.7,104.4,85.5,55.6,0,76.9,103.3,77.2,83.9
K,Camden,411.8,411.4,210.2,105.1,83.1,101.7,99.7,99.6,140.2,125.5,62.1,76.9,0,80.9,84.9,159.6
L,Arnot,336,335.5,201.2,45.7,21.6,75.5,70.2,70.1,86.7,83.1,127.6,103.3,80.9,0,37.6,158.3
M,Komati,328.3,328.2,165,18.9,14.6,38.9,34.2,34.1,57.6,50.7,115.3,77.2,84.9,37.6,0,122.9
N,Grootvlei,356,353.3,51.9,122.3,137.5,83.1,88.9,89,103.8,89.5,131.7,83.9,159.6,158.3,122.9,0
